7.31214e+08 5.27527e+08 -2.8882e+07 -4.13867e+08 -3.46804e+08 2.46849e+08 1.73969e+08 5.03329e+07 1.15916e+08 -9.37747e+07 -1374.9 1.36046e+08 2.91906e+07 4.76595e+07 9.36817e+07 1.29174e+07 2.77195e+06 -1.91054e+07 -5.62331e+06 2.99885e+07 5.16115e+06 9.02258e+06 -4.8457e+06 2.78665e+07 -1.83565e+07 6.65235e+07 -4.81678e+07 -1.73213e+07 2.88289e+07 1.4888e+07 -4.89015e+07 
8.4691e+08 -3.54392e+07 -2.10477e+08 -1.88195e+08 -2.7507e+08 1.47785e+08 1.65945e+08 4.36559e+07 -5.95999e+07 -1.68039e+08 -2940.03 1.08438e+08 1.59428e+07 6.42453e+07 -1.51854e+07 -1.44771e+07 1.52485e+07 -3.83592e+07 1.05324e+06 -4.58531e+06 3.78098e+07 -6.20208e+06 -1.50308e+07 -2.04317e+07 2.30689e+07 3.43087e+07 -5.89992e+07 -2.07894e+06 1.35307e+07 8.16073e+06 -3.4887e+07 
1.09795e+09 -1.95827e+08 -1.15089e+08 -2.14789e+08 -4.21523e+08 1.8624e+08 1.31977e+08 7.03895e+07 5.39313e+07 -1.97829e+08 -1608.81 8.79721e+07 -6.33526e+07 1.02876e+08 -5.10671e+06 2.25251e+06 -4.5237e+07 -2.50889e+07 -2.58539e+07 1.56887e+07 -924306 1.82989e+07 2.02631e+07 8.23152e+06 -2.32973e+07 3.17722e+07 1.71655e+07 3.77817e+07 4.04186e+07 1.93552e+06 -4.84979e+07 
1.57301e+09 3.64375e+08 -8.29404e+07 -1.80516e+08 -4.67706e+08 1.56286e+08 1.37811e+08 6.27209e+07 1.29637e+08 -4.32527e+07 -2318.96 7.34236e+07 2.60191e+07 4.9835e+07 -1.02806e+06 -2.14766e+07 1.94311e+07 -3.16658e+07 -5.35905e+07 4.4394e+07 2.72761e+07 8.87713e+06 3.81129e+07 1.41987e+07 -1.72208e+07 803725 -2.57974e+07 -2.38076e+06 1.04157e+07 -4.76606e+07 -4.43515e+06 
8.16754e+08 1.10406e+07 -1.09213e+07 -1.49572e+08 -1.82692e+08 2.52345e+08 2.54354e+08 2.43271e+07 -3.28609e+07 -9.36335e+07 -2069.87 1.24298e+08 3.41787e+07 5.01193e+07 444710 65071.9 4.01877e+07 -4.07141e+07 -3.23538e+07 -2.88535e+07 -1.12121e+06 3.5643e+07 5.8191e+07 6.19227e+06 -8.35438e+06 6.54037e+07 -180121 -3.11449e+07 1.60622e+07 -2.70798e+07 -7.3268e+06 
2.75305e+09 4.91459e+07 4.47266e+07 -4.20536e+08 -1.86184e+08 -6.06428e+07 3.1058e+08 3.56704e+07 1.58373e+07 -8.69592e+07 -548.235 2.20338e+08 5.00434e+07 3.11269e+07 4.46855e+07 -3.68992e+06 3.74855e+07 -2.99012e+07 1.73259e+07 4.30577e+07 9.48194e+06 1.78854e+07 3.70763e+07 6.9896e+06 -9.21489e+06 2.77234e+07 -1.60163e+07 4.33131e+07 1.09068e+07 1.02306e+07 -1.12275e+07 
6.73837e+08 3.06754e+08 1.78235e+08 -3.55141e+08 -7.35719e+07 1.69579e+08 2.42195e+08 8.88685e+07 1.89595e+08 -2.4915e+08 -3355.83 1.22773e+08 -6.82135e+07 5.41124e+07 -1.73205e+07 5.14182e+07 4.19487e+07 -2.2767e+07 -1.41793e+07 -2.27864e+06 1.43934e+07 1.33833e+07 1.84886e+07 -5.0327e+07 -2.11541e+07 2.76756e+07 -2.9585e+07 3.73568e+06 3.5452e+06 -1.33858e+07 -1.25432e+07 
9.09335e+08 2.13069e+07 6.73626e+07 3.83776e+07 -1.52822e+08 2.1857e+08 3.32999e+08 1.60383e+08 4.64128e+07 -2.98897e+07 -1627 1.84951e+08 3.49296e+07 8.78229e+07 -1.66633e+07 -8.68947e+06 -3.77807e+07 -2.09733e+07 -4.10074e+07 4.54517e+07 1.54919e+07 1.97111e+06 -1.34783e+07 -2.34028e+07 -3.3857e+07 2.79302e+07 -1.0505e+07 -2.33935e+07 2.74783e+07 2.34642e+07 5.62977e+06 
2.33571e+09 4.98398e+08 -3.54781e+07 -1.4883e+07 -7.71912e+07 9.73338e+07 2.05702e+08 1.8193e+08 -5.4332e+07 -2.53116e+08 -1452.68 1.50593e+08 9.37577e+06 1.54522e+08 5.19671e+07 -1.52981e+07 -2.6114e+07 -2.48328e+07 -1.58593e+07 1.57695e+07 3.37638e+06 7.54016e+06 5.08887e+07 2.05298e+07 -1.04734e+07 1.63671e+07 -3.72815e+07 -1.75589e+07 1.89895e+07 -1.6656e+07 -3.56445e+07 
3.03882e+09 -1.7118e+08 1.37916e+07 -2.97819e+08 -2.02735e+08 1.11474e+08 2.09316e+08 8.43333e+07 1.62647e+08 -8.14079e+07 25.4769 1.08353e+08 -4.12569e+07 1.20585e+08 -9.46886e+06 -4.59649e+07 -2.46678e+07 -2.77424e+07 1.96343e+07 -2.52037e+07 1.24776e+07 -4.54368e+06 1.81544e+07 2.90732e+07 -3.26263e+07 5.07032e+07 -4.33893e+07 -1.98401e+07 -2.06027e+07 -1.1265e+07 -2.27929e+07 
1.84223e+09 1.63692e+08 -1.91145e+08 1.7739e+08 -3.27722e+08 2.89881e+07 3.74157e+08 -1.09176e+08 1.84281e+08 -2.3995e+08 -3052.25 1.28782e+08 1.01508e+08 6.18919e+07 -2.57193e+07 604564 1.77201e+07 -2.41596e+07 -3.03042e+07 8.34679e+06 -1.78357e+06 442857 3.78292e+06 8.27554e+06 -1.40986e+07 4.4357e+07 -2.65744e+07 -436916 1.22167e+07 -8.60323e+06 -3.40512e+07 
2.3111e+09 4.43748e+08 -5.61221e+07 -1.54749e+07 -1.37366e+08 2.38354e+08 2.04224e+08 3.73655e+07 1.31378e+08 -4.51537e+07 -1595.98 1.06499e+08 -3.63302e+06 -8.57236e+06 2.16059e+07 1.32057e+07 -6.65442e+07 -2.80764e+07 -5.85735e+06 -4.2952e+07 5.62397e+06 2.38773e+06 3.37292e+07 -2.84893e+06 1.8782e+07 2.23725e+07 6.24691e+06 1.27561e+07 2.26383e+06 1.57313e+07 -2.87076e+07 
3.30439e+09 1.47451e+07 3.97677e+07 -4.15452e+08 -2.73802e+08 2.92555e+08 1.43541e+08 -1.7524e+07 6.56548e+07 -1.4189e+08 -2660.24 9.14181e+07 6.63916e+07 1.27801e+08 1.27775e+07 1.41497e+07 5.07457e+07 -2.13098e+07 -6.2015e+07 2.34436e+07 -5.52133e+06 -9.0156e+06 3.27978e+07 -2.38367e+07 3.09827e+06 1.88178e+07 -1.92923e+06 -3.0114e+07 6.35947e+06 2.46398e+07 -2.92896e+07 
1.71944e+09 2.94565e+07 -4.64489e+07 -4.12498e+08 -2.16653e+08 -1.68068e+07 3.35794e+08 1.893e+08 6.06508e+07 -1.98052e+08 -1614.51 -3.76155e+07 7.49656e+07 -2.41852e+07 4.64453e+07 -2.56662e+07 -4.63336e+07 -2.72192e+07 -4.48896e+07 1.31754e+07 1.09216e+07 5.75294e+06 3.5348e+07 -1.66199e+07 -1.76772e+07 3.68266e+07 -1.68408e+07 -2.3529e+07 1.62408e+07 4.01322e+06 -2.61628e+07 
3.03858e+09 2.03231e+08 -2.19448e+08 -3.70438e+08 -2.30603e+08 3.52845e+08 3.22125e+08 1.02744e+08 2.96086e+07 -1.39519e+08 -3033.45 1.07035e+08 1.12376e+08 1.03543e+08 2.80746e+07 3.74673e+06 -1.5217e+07 -1.17708e+07 -3.10912e+07 -4.58286e+07 2.16828e+07 1.97096e+07 -1.25979e+07 -1.81481e+07 -2.35649e+07 3.62468e+07 -2.62406e+07 2.99714e+07 2.05685e+07 -3.00991e+07 -1.44839e+07 
8.5784e+08 3.88658e+07 -1.8907e+08 -1.43237e+08 -3.18067e+08 1.70561e+08 2.9009e+08 1.56629e+08 6.27563e+07 -7.20881e+07 -1936.14 1.12388e+08 6.94755e+07 7.11124e+07 -5.79056e+06 6.09239e+07 3.5601e+07 -2.10373e+07 2.07288e+06 -3.75975e+07 1.53904e+07 -1.82492e+06 8.73928e+07 1.5701e+06 -3.85962e+07 1.45421e+07 -4.54206e+07 281211 1.64392e+07 2.03928e+07 -5.77333e+07 
5.90169e+08 2.17563e+08 -2.7738e+06 -3.34669e+08 -4.14025e+08 1.20653e+08 2.04482e+08 1.80506e+08 8.7451e+06 -1.23759e+08 267.891 1.49924e+08 8.46662e+07 7.01531e+07 315233 2.48219e+07 -2.54048e+07 -3.86319e+07 1.55432e+06 -1.42549e+07 -2.82184e+07 -1.18411e+07 -9.52439e+06 -1.85782e+07 -1.68766e+07 2.2834e+07 -2.61199e+07 5.96663e+06 -1.54692e+07 -2.22168e+07 -1.29559e+07 
2.18799e+09 2.57183e+08 1.20849e+08 -3.93772e+08 -3.16479e+08 1.28046e+08 3.26676e+08 -8.02958e+06 5.83178e+07 -6.64626e+07 -2598.91 1.49484e+08 2.05568e+07 8.24378e+07 -7.6521e+07 -1.65664e+07 -5.91333e+07 -2.41778e+07 -6.93237e+06 1.39983e+07 507688 2.15697e+06 5.85007e+07 -4.72399e+07 -1.69644e+06 4.15395e+07 -5.41316e+07 -9.0051e+06 4.89441e+07 -2.68578e+07 -5.14168e+07 
8.94066e+08 3.73835e+08 -4.91191e+08 -3.67998e+08 -1.06892e+08 2.15602e+08 3.22379e+08 1.51714e+08 7.72176e+07 -9.97519e+07 -1301.77 6.4711e+07 2.66526e+06 8.51049e+07 -6.58728e+07 -6.93216e+07 4.79288e+07 -1.84077e+07 1.34774e+07 2.54976e+07 -6.63609e+06 -7.05592e+06 2.94208e+07 5.2925e+06 -5.13509e+06 3.69199e+07 -4.42238e+06 9.3955e+06 1.90247e+07 -478171 -1.73927e+07 
6.97874e+08 1.28986e+07 -1.10767e+07 -3.17328e+08 -4.43095e+08 1.87406e+08 3.21804e+08 2.03161e+08 1.67883e+08 -1.9439e+08 -422.19 1.9742e+08 4.46485e+07 1.08206e+08 2.66373e+07 -1.39598e+07 -2.29393e+07 -1.42392e+07 -3.22958e+07 -9.8727e+06 1.53158e+07 -2.05626e+06 6.63961e+07 1.22878e+07 2.65469e+07 4.39763e+07 -2.13958e+07 -579190 1.43525e+07 -767352 1.36689e+07 
1.72272e+09 2.89994e+07 -4.58719e+08 -3.272e+08 -8.01721e+07 1.7674e+08 6.73848e+06 8.594e+07 1.12866e+08 -1.71101e+08 -2803.96 2.21584e+08 7.7417e+07 6.56273e+06 -3.361e+07 4.49765e+06 -4.48947e+07 -2.49038e+07 -6.03864e+07 2.17574e+07 4.26732e+06 5.95109e+06 5.1238e+07 -9.80583e+06 -2.23409e+07 4.28007e+07 -4.65135e+07 -729075 1.02561e+07 -4.37679e+06 -1.48207e+07 
9.34069e+08 6.87758e+07 9.8327e+07 -1.76116e+08 -1.94155e+08 3.46886e+08 3.32487e+08 6.02525e+07 5.39111e+07 -1.38203e+08 -2504.18 1.51852e+08 4.31386e+06 3.48694e+07 5.73608e+07 -8.86738e+07 1.05225e+07 -3.12099e+07 -8.93044e+07 5.46299e+06 1.26086e+06 -1.09477e+07 4.55313e+07 -1.29507e+07 -2.00623e+07 3.37732e+07 -4.94604e+07 3.42955e+07 -5.16527e+06 -6.3361e+06 -5.24176e+07 
2.75371e+09 4.2008e+08 -1.13364e+08 -3.26561e+07 -4.42599e+08 1.53848e+08 1.76694e+08 1.06328e+08 1.05477e+07 -1.45023e+08 -2601.62 7.11804e+07 -6.75944e+06 8.06464e+07 9.05093e+06 -6.40535e+06 5.41934e+06 -2.9527e+07 -2.14547e+07 9.91915e+06 7.8459e+06 -3.94279e+06 6.01765e+07 -4.59607e+07 -2.85106e+07 7.12771e+07 -3.87182e+07 2.37536e+07 8.06881e+06 2.07155e+07 1.8331e+07 
9.10667e+08 -340289 1.95268e+08 -1.04091e+08 -1.44297e+08 3.46857e+08 1.21848e+08 4.11991e+07 1.23989e+08 -1.68351e+08 -3342.73 4.78656e+07 1.42787e+08 8.09188e+07 1.75663e+07 -3.58392e+07 -1.82615e+07 -2.68409e+07 6.51311e+07 3.67988e+07 6.09413e+06 6.88113e+06 5.16632e+07 -1.1708e+07 -1.27952e+07 3.23837e+07 -3.65223e+07 1.74264e+07 1.93077e+07 -5.49247e+06 -9.40669e+06 
9.24357e+08 5.80049e+07 6.00531e+07 -1.22486e+08 -2.51761e+08 5.47989e+07 1.18039e+08 3.3257e+06 -4.49052e+07 -1.09092e+08 -821.232 1.2077e+08 1.85811e+07 1.62218e+07 2.1659e+07 -2.21131e+07 1.10945e+07 1.40911e+07 -9.11663e+06 -8.57361e+06 6.05432e+06 -1.18087e+07 3.2964e+07 -1.42555e+07 -1.35763e+07 4.04822e+07 -1.30494e+07 -2.2829e+06 4.4154e+06 -2.6852e+07 -1.97777e+07 
2.67011e+09 2.38831e+08 2.45206e+08 -1.50701e+08 -3.60288e+08 1.93164e+08 1.27847e+08 2.5867e+08 7.92077e+07 -1.83783e+08 -656.056 1.59523e+08 6.06124e+07 -1.10363e+07 -8.00296e+07 -6.64945e+07 4.43723e+07 -2.18242e+07 -1.88347e+07 -2.78983e+07 3.78251e+06 1.53598e+07 9.8784e+06 9.7316e+06 -1.36409e+07 3.23139e+07 -2.93635e+07 -1.75242e+06 3.16768e+07 1.2389e+07 -3.37326e+07 
1.32092e+09 7.65994e+07 8.91706e+07 -1.14824e+08 -6.9345e+07 -1.8158e+07 1.25546e+08 1.92332e+08 1.34315e+08 -2.7122e+07 -498.723 5.07719e+07 6.59589e+07 1.33357e+08 5.16764e+06 1.74706e+07 2.42756e+07 -2.41894e+07 -7.55533e+07 -6.73621e+06 -1.21195e+06 2.87582e+06 1.65299e+07 -2.07322e+06 6.52733e+06 5.2556e+07 -4.65304e+07 3.22964e+07 3.15588e+07 -1.03715e+07 -2.79974e+07 
2.3835e+09 -1.16505e+08 -2.91958e+08 -1.66363e+06 -3.34029e+08 2.02797e+08 2.43182e+08 2.0322e+08 1.26969e+08 -9.13848e+07 -1846.08 1.23457e+08 -1.23751e+07 4.21842e+07 7.02739e+07 -1.78965e+07 2.18933e+07 -1.6334e+07 7.14189e+06 2.64109e+07 -1.19593e+07 3.11189e+07 2.14423e+07 -4.9399e+07 5.26255e+06 2.69005e+07 -5.74551e+07 -1.19207e+07 9.14597e+06 -1.39276e+07 -3.38882e+07 
1.96578e+09 9.53119e+06 2.42558e+06 -2.32053e+08 -2.25156e+08 2.67253e+08 2.98176e+08 2.00933e+07 7.89612e+06 -1.46224e+08 -1038.44 5.75242e+07 -2.30441e+07 1.64879e+07 -2.1986e+07 3.36799e+07 -8.89746e+06 -1.78034e+07 -3.38377e+07 4.90186e+06 -1.22987e+07 4.36192e+06 2.33143e+07 4.16236e+07 -6.61322e+06 1.87949e+07 -8.52009e+07 8.11702e+06 2.98783e+07 4.54344e+06 2.24353e+07 
2.70795e+09 -2.66027e+07 -8.29602e+07 -1.42686e+08 -1.99534e+08 2.43388e+08 2.32112e+08 1.65007e+08 9.98484e+07 -1.4807e+08 -3825.64 1.48661e+08 6.88379e+06 8.94419e+06 5.799e+07 2.52131e+07 3.02509e+07 -3.4803e+07 2.65842e+06 5.35637e+06 6.66188e+06 -3.68593e+07 2.66761e+07 -4.24515e+06 -1.52864e+07 4.35327e+07 -1.10929e+07 -2.0498e+06 5.93999e+07 -3.67744e+07 -1.73678e+07 
2.37731e+09 9.34514e+07 5.27848e+07 -1.3099e+08 -2.51273e+08 3.03867e+08 2.91633e+08 2.19681e+08 1.92363e+07 -1.38003e+08 -1390.08 9.8047e+07 3.80698e+07 3.32501e+07 -5.8881e+07 6.34944e+07 -7.81268e+06 -1.88596e+07 -2.13126e+07 7.12466e+07 1.32489e+07 1.86133e+06 3.22554e+07 1.51164e+07 1.6399e+06 5.97158e+07 -2.07266e+07 1.2853e+07 -2.05568e+07 -2.11306e+07 -5.18938e+07 
